(1.0000000,0.0000000)  (0.0000000,0.0000000)  (0.0000000,0.0000000)  (0.0000000,0.0000000)  (0.0000000,0.0000000)  (0.0000000,0.0000000)  
(0.0000000,0.0000000)  (-1.0000000,0.0000000)  (0.0000000,0.0000000)  (0.0000000,0.0000000)  (0.0000000,0.0000000)  (0.0000000,0.0000000)  
(0.0000000,0.0000000)  (0.0000000,0.0000000)  (0.0000000,0.0000000)  (0.40447431,0.0000000)  (-0.87490135,0.0000000)  (0.21191816,0.0000000)  
(0.0000000,0.0000000)  (0.0000000,0.0000000)  (0.0000000,0.0000000)  (0.0000000,0.0000000)  (0.23450690,0.0000000)  (0.94895173,0.0000000)  
(0.0000000,0.0000000)  (0.0000000,0.0000000)  (0.0000000,0.0000000)  (0.91454936,0.0000000)  (0.42373829,0.0000000)  (0.0000000,0.0000000)  
(0.0000000,0.0000000)  (0.0000000,0.0000000)  (0.0000000,0.0000000)  (0.0000000,0.0000000)  (0.0000000,0.0000000)  (0.0000000,0.0000000)  
(0.0000000,0.0000000)  (0.0000000,0.0000000)  (1.0000000,0.0000000)  (0.0000000,0.0000000)  (0.0000000,0.0000000)  (0.0000000,0.0000000)  
(0.0000000,0.0000000)  (0.0000000,0.0000000)  (0.0000000,0.0000000)  (0.0000000,0.0000000)  (0.0000000,0.0000000)  (0.0000000,0.0000000)  
(0.0000000,0.0000000)  (0.0000000,0.0000000)  (0.0000000,0.0000000)  (0.0000000,0.0000000)  (0.0000000,0.0000000)  (0.0000000,0.0000000)  
(0.0000000,0.0000000)  (0.0000000,0.0000000)  (0.0000000,0.0000000)  (0.0000000,0.0000000)  (0.0000000,0.0000000)  (-0.10992562,0.0000000)  
(0.0000000,0.0000000)  (0.0000000,0.0000000)  (0.0000000,0.0000000)  (0.0000000,0.0000000)  (0.0000000,0.0000000)  (0.0000000,0.0000000)  
(0.0000000,0.0000000)  (0.0000000,0.0000000)  (0.0000000,0.0000000)  (0.0000000,0.0000000)  (0.0000000,0.0000000)  (0.0000000,0.0000000)  
(0.0000000,0.0000000)  (0.0000000,0.0000000)  (0.0000000,0.0000000)  (0.0000000,0.0000000)  (0.0000000,0.0000000)  (-0.13982318,0.0000000)  
(0.0000000,0.0000000)  (0.0000000,0.0000000)  (0.0000000,0.0000000)  (0.0000000,0.0000000)  (0.0000000,0.0000000)  (0.0000000,0.0000000)  
(0.0000000,0.0000000)  (0.0000000,0.0000000)  (0.0000000,0.0000000)  (0.0000000,0.0000000)  (0.0000000,0.0000000)  (0.10532911,0.0000000)  
(0.0000000,0.0000000)  (0.0000000,0.0000000)  (0.0000000,0.0000000)  (0.0000000,0.0000000)  (0.0000000,0.0000000)  (-0.10887112,0.0000000)  
(0.0000000,0.0000000)  (0.0000000,0.0000000)  (0.0000000,0.0000000)  (0.0000000,0.0000000)  (0.0000000,0.0000000)  (0.0000000,0.0000000)  
